1736261251
1736222563
1736249225
1736261398
1736220430
1736358490
1736204474
1736261388
1858598072
1736358924
1736222604
1736219751
1736252298
1736345407
1736345660
1736322783
1736192516
1736251718
1736261710
1736260544
1736357715
1736204291
1736251317
1736204471
1736346785
1736248747
1736251761
1736251991
1736359542
1736352538
1736243383
1736221380
1736241380
1736258657
1736260309
1867874785
1865363592
1865363473
1862289528
1736203804
1862288286
1736248162
1736355399
1736260789
1736258995
1736222800
1736260619
1736204410
