1734309721
1734366602
1734371202
1734376969
1734373579
1734373758
1734329597
1734318435
1734333274
1734321000
1734319042
1734303582
1734368213
1734338098
1734314338
1734325737
1734328833
1734312171
1734320316
1734373362
1734372907
1734375393
1734375782
1734339009
1734338333
1734314574
1734323947
1734317465
1734303403
1734369080
1734370933
1734369554
1734334528
1734387560
1734371289
1734368777
1734374863
1734338249
1734368490
1734366996
1734334818
1734302891
1734302929
1734373494
1734307080
1734388683
1734370487
1734368679
1734330144
1734303331
1734324028
1735090515
1734366695
1734336688
1734319997
1734314975
1734368480
1734980086
1734371223
1734377389
1734980061
1734309497
1734323407
1734312327
1734334908
1734370931
1734368666
1734315952
1734368492
1734373162
1734370856
1734368770
1734377251
1734323556
1734303048
1734372933
1734368781
1734371271
1734316216
1734371341
1734370999
1734303369
1734303366
1734327728
1734303498
1734368728
1734372923
1734317925
1734373497
1734373573
1734329001
1734334673
1734373503
1734334854
1734330223
1734373415
1734300415
1734373461
1734320562
1734375468
1734334548
1734314928
1734323350
1735090519
1734333287
1734337097
1734332674
1734303539
1734331718
1734369589
1734300740
1734318419
1734300895
1734370699
1734371153
1734372209
1734300622
1734368691
1734367681
1734320766
1734319084
1734304832
1734388640
1735090014
1734324133
1735045791
1734370486
1734371236
1734368237
1734329546
1734373457
1734375956
1734374685
1734371325
1734298089
1734303075
1734334562
1734311566
1734371261
1734366547
1734336988
1734371433
1734341962
1734365100
1734375286
1734302930
1734373526
1734334919
1734314640
1734323308
1734341405
1734366816
1734376036
1734980059
1734334459
1734334155
1734322629
1734373361
1734319080
1734317667
1734377094
1734373475
1734323988
1734372371
1734371606
1734309949
1734334985
1734311422
1734371421
1734311982
1734330559
1734324315
1734333336
1734376367
1734334970
1734332627
1734333340
1734322177
1734320269
1734336450
1734334044
1734375002
1734332415
1734334824
1734376610
1734334891
1734303079
1734333966
1734317587
1734373528
1734371220
1734364129
1735090396
1734302747
1734376775
1734333615
1734373525
1734373416
1734309335
1734314335
1734372752
1734341159
1734321702
1734319414
1734372690
1734297242
1734373565
1734367742
1734388200
1734333084
1734372027
1734376545
1734314449
1734371320
1734310092
1734376694
1734368481
1734320823
1734327675
1734370866
1734303306
1734377415
1734371154
1734323153
1734368717
1734324408
1734334967
1734312982
1734365335
1734334566
1734327220
1734368720
1734327492
1734316020
1734334296
1734302554
1734336498
1734376050
1734303603
1734366957
1734366199
1734314512
1734377143
1734308040
1734332810
1734365058
1734322675
1734337655
1734318072
1734371843
1734374616
1734333801
1734377724
1734980109
1734368323
1734322584
1734373405
1734372421
1734303037
1734329021
1734368346
1734373478
1734303503
1734333542
1734334529
1734388771
1734373566
1734323138
1734314530
1734373217
1734372905
1734368364
1734302876
1734376041
1734374769
1734366389
1734369050
1734318022
1734375247
1734314506
1734306799
1734309956
1734323361
1734323060
1734377712
1734305326
1734368740
1734372198
1734313656
1734303023
1734311686
1734303529
1734374610
1734331792
1734334867
1734323943
1734334871
1734310068
1734388626
1734327174
1734369536
1734299435
1734335016
1734314116
1734377745
1734323879
1734366203
1734323767
1734333370
1734367656
1734323867
1734303432
1734333982
1734366701
1734373571
1734337095
1734376996
1734324477
1734372790
1734323872
1734318255
1734375390
1734364114
1735090282
1734334318
1734318001
1734322160
1734373433
1734301107
1734368180
1734371159
1734337087
1734334881
1734365572
1734311674
1734337606
1734377246
1734323719
1734334096
1734368627
1734371136
1734365134
1734318508
1734370695
1734377372
1734376528
1734303501
1734300408
1734373103
1734323934
1734375251
1734368776
1734376167
1734377710
1734323232
1734388668
1734336975
1734328823
1735046289
1734323295
1734324389
1734388423
1734388636
1734388755
1734317855
1734310830
1734373402
1734374902
1734377719
1734377717
1734306034
1734368283
1734319019
1734331468
1734375958
1734301580
1734302738
1734372258
1734334931
1734370280
1734366963
1734310771
1734367960
1734324061
1734321487
1734303020
1734302017
1734368456
1734368233
1734324040
1734368839
1734324334
1734365721
1734325793
1734302308
1734311272
1734302305
1734336977
1734309966
1734319168
1734300555
1734319167
1734317739
1734366507
1734312007
1734336612
1734376478
1734319054
1734373547
1734337162
1734303518
1734313920
1734366642
1734330177
1734334885
1734370697
1734330988
1734336678
1734333271
1734334565
1734368619
1734306394
1734375248
1734364562
1734375793
1734371314
1734365670
1734364799
1734308931
1735046219
1734368907
1734304157
1734369048
1734368618
1734368496
1734979619
1734376805
1734376048
1734375952
1734375884
1734375579
1734375502
1734375329
1734375169
1734374867
1734374766
1734328951
1734373632
1734373630
1734373629
1734373628
1734373625
1734373604
1734373578
1734373572
1734373556
1734373553
1734373550
1734373520
1734373519
1734373502
1734373450
1734373440
1734373435
1734373432
1734373384
1734373363
1734373139
1734324397
1734372908
1734329699
1734372231
1734324037
1734371940
1734371727
1734323938
1734371587
1734330185
1734371324
1734371150
1734330631
1734323365
1734370672
1734321977
1734331428
1734370019
1734369794
1734369727
1734369612
1734369503
1734369338
1734368806
1734368687
1734368686
1734332401
1734368612
1734333081
1734333086
1734368137
1734333282
1734368109
1734333330
1734319219
1734319162
1734333486
1734367834
1734318573
1734318067
1734318005
1734367216
1734334830
1734334916
1734315609
1734366121
1734365910
1734314460
1734314426
1734365661
1734314364
1734365319
1734313819
1734364424
1734364418
1734364144
1734310231
1734309992
1734301994
1734302214
1734309245
1734302556
1734302867
1734309029
1734303415
1734303574
1734304207
1734306664
1734306876
1734306896
1734307053
1734341503
1734341498
1870272055
1867803056
1858734997
1854915696