1734523674
1734869722
1734522172
1734873641
1734852680
1734609295
1734852554
1734588083
1734856306
1734520263
1734538383
1734403478
1734537430
1734609547
1734608782
1734578365
1734422127
1734589114
1734610220
1734611182
1734588952
1734536370
1734403188
1734405918
1734812641
1734855841
1734523532
1734855862
1734770679
1734539457
1734420895
1734516298
1734609575
1734954132
1734608386
1734420256
1734516445
1734519064
1734590061
1734591110
1734584959
1734422564
1734539886
1734589950
1734535538
1734954696
1860213830
1734405542
1734609569
1734521538
1734589102
1734590074
1734589341
1734521779
1734591082
1734522500
1734611687
1734520987
1734589427
1734608100
1734869716
1734585337
1734593081
1734589091
1734519586
1734523581
1734586112
1734401982
1734588504
1734585029
1734405112
1734590190
1734517378
1734523498
1734818606
1734401530
1734516313
1734578710
1734607993
1734818867
1734609411
1734610845
1734402227
1734516757
1734516455
1734609933
1734856218
1734869688
1734412269
1734590412
1734539816
1734817848
1734868869
1734607163
1734536114
1734401258
1734869723
1734582488
1734521708
1734539549
1734420654
1734589646
1734610000
1734404907
1735145445
1734873079
1734404090
1734954587
1734537111
1734539002
1734607802
1734873178
1734818313
1734609967
1734401516
1734590016
1734856333
1734855842
1734609586
1734405501
1734519590
1734611424
1734770453
1734518263
1734589266
1734516474
1734949335
1734585335
1734609899
1734589268
1734608784
1734579826
1734519796
1734771005
1734421429
1734607587
1734586122
1734585540
1734867291
1734532741
1734537783
1734519912
1734583710
1734520261
1734538797
1734516865
1734856074
1734537257
1734611024
1734516187
1734818369
1734399508
1734611571
1734583267
1734813143
1734405822
1734422119
1734516240
1734421352
1734856455
1734590657
1734591834
1734609680
1734873100
1734585432
1734402917
1734516499
1734852616
1734588908
1734609525
1734610884
1734609978
1734812887
1734586599
1734612180
1734812401
1734588913
1734610860
1734611637
1734579666
1734608560
1734404197
1734949183
1734610848
1734585999
1734405403
1734867088
1734584865
1734593181
1734852612
1734873339
1734537299
1734403027
1734948759
1734537395
1734607717
1734517305
1734589595
1734523690
1734578256
1734868035
1734522127
1734591747
1734856307
1734609661
1734608323
1734586739
1734611556
1734406003
1734422272
1734586898
1734868445
1734611201
1734585530
1734405943
1734590332
1734532578
1734523496
1734609468
1734412613
1734584255
1734532888
1734608580
1734420208
1734412961
1734419865
1734869650
1734516040
1734770374
1734873690
1734422710
1734585315
1734405172
1734593179
1734612075
1734533149
1734609355
1734610903
1734535769
1734535274
1734539851
1734954572
1734948653
1734589158
1734516534
1734535681
1734401488
1734516824
1734404896
1734819040
1734536846
1734852287
1734818192
1734812836
1734515999
1734608823
1734869724
1734403752
1734578420
1734584491
1734855879
1734422675
1734869232
1734949315
1734812909
1734590969
1734588270
1734519059
1734422030
1734579759
1734873829
1734873128
1734852663
1734516779
1734592122
1734813586
1734533598
1734770656
1734873832
1734611799
1734588704
1734578636
1734522166
1734869721
1734812861
1734873855
1734611188
1734523937
1734813638
1734949325
1734588726
1734578431
1734610034
1734873608
1734579227
1734533777
1734609776
1734403024
1734538119
1734523821
1734533509
1734585018
1734404398
1734516241
1734515497
1734770377
1734516311
1734856535
1734610861
1734954625
1734517116
1734516194
1734818914
1734949273
1734403086
1734867674
1734523242
1734539495
1734611368
1734401227
1734873341
1734419803
1734533803
1734587096
1734609590
1734610741
1734608543
1734954119
1734818457
1734868930
1734867612
1734852511
1734867544
1734954589
1734852480
1734612178
1734405000
1734873654
1734516826
1734608570
1734580355
1734579019
1734873649
1734579285
1734612158
1734537135
1734949290
1734538805
1734609687
1734610942
1734611921
1734405164
1734534365
1734523548
1734405122
1734856323
1734609643
1734578842
1734539511
1734535795
1734533037
1734868041
1734852154
1734771247
1734592676
1734868991
1734516843
1734949350
1734813388
1734812445
1734532441
1734954633
1734610036
1734852452
1734420025
1734588911
1734954645
1734611306
1734818734
1734404254
1734855735
1734420944
1734534835
1734770949
1734580415
1734812758
1734812879
1734608119
1734419789
1734518821
1734539835
1734518725
1734771188
1734608756
1734421147
1734770521
1734535154
1734812788
1734402852
1734519503
1734607475
1734813380
1734610839
1734818308
1734403287
1734532922
1734412282
1734587030
1734818752
1734813049
1734873872
1734522481
1734421576
1734949173
1734579294
1734873764
1734578470
1734406080
1734399590
1734855796
1734537988
1734401671
1734537869
1734770662
1734751981
1734522338
1734538521
1734610322
1734420644
1734873182
1734517626
1734610962
1734402924
1734770491
1734813007
1734813115
1734813176
1734812911
1734813219
1734579046
1734538540
1734538279
1734538187
1734856462
1734579441
1734856434
1734856432
1734537836
1734856302
1734538835
1734538866
1734856091
1734856057
1734537773
1734401067
1734401147
1734817831
1734419178
1734817846
1734817863
1734818302
1734401987
1734818374
1734818920
1734537336
1734402957
1734537209
1734853189
1734403230
1734404042
1734404135
1734404282
1734607568
1734607644
1734404763
1734405046
1734539480
1734608055
1734608138
1734608317
1734852325
1734539890
1734405992
1734592176
1734591107
1734591073
1734578519
1734590921
1734590523
1734535730
1734535562
1734948443
1734589886
1734589857
1734948809
1734948925
1734948963
1734515692
1734949095
1734534823
1734868236
1734608862
1734869233
1734609025
1734609221
1734609323
1734516181
1734609957
1734609970
1734516358
1734751982
1734516588
1734516607
1734422208
1734516872
1734588996
1734580273
1734534236
1734517137
1734517317
1734612074
1734611305
1734588628
1734533804
1734422048
1734518200
1734421976
1734611405
1734611408
1734588523
1734421880
1734611426
1734420604
1734519826
1734519837
1734519941
1734520414
1734520477
1734420873
1734520983
1734521017
1734421270
1734533021
1734587178
1734521627
1734586967
1734522038
1734873127
1734586448
1734873318
1734522906
1734586003
1734523614
1734873617
1734873680
1734873689
1734523812
1734523833
1734611606
1734524014
1734585701
1735146102
1734578312
1734585398
1734581637
1734769693
1734769752
1734611758
1734770469
1734770947
1734412776
1734771182
1734412204
