1729951907
1729936376
1729908992
1729971664
1729974929
1729935567
1730115967
1729975085
1729973940
1729976026
1729967781
1730086944
1729945954
1729972323
1730093834
1729967455
1729968439
1729890048
1729951242
1730007554
1730019883
1729972032
1729973151
1729972140
1729967473
1729909726
1730003365
1730015999
1730095813
1729935277
1730091445
1729909675
1729911978
1729967952
1729953568
1730116496
1729967660
1729968135
1729934884
1730009010
1729970966
1730118964
1730091189
1729951373
1729970294
1729968101
1730019530
1730117606
1729935459
1729946664
1729951649
1729914545
1729966339
1730019553
1729945775
1729909555
1730033750
1729973382
1729997239
1730036169
1730014403
1730086918
1730004169
1729966158
1729974401
1730077457
1729966958
1729953886
1729975075
1729967239
1729909548
1729987045
1729967220
1729936139
1730077477
1730095692
1729987001
1730040586
1730093173
1729972021
1729972290
1729971891
1730093784
1729970298
1729951759
1729997425
1730087231
1729913752
1729934686
1729972050
1730004151
1730004136
1729953544
1730018435
1730116141
1729997897
1730087052
1730087734
1729973992
1730020945
1729950762
1729909551
1729934676
1730077687
1729967645
1729934667
1730099346
1729909488
1729953378
1729987376
1729935672
1730087090
1730007631
1729971883
1730091850
1729951734
1729953422
1730094057
1729972071
1729998159
1729951659
1729951933
1729934974
1730077916
1730003611
1729972237
1729974222
1730096712
1730094326
1729972970
1729953563
1729953415
1729953554
1730116412
1729909068
1729934622
1730098868
1729935278
1730003265
1729935448
1729935591
1729952794
1730022670
1729914607
1730087617
1729909144
1730115363
1729989582
1729991653
1730018577
1730088954
1729972257
1730003921
1729946596
1730019652
1729952114
1730007508
1729974036
1729909286
1729934517
1729909272
1729912924
1729969411
1730086554
1729953351
1729968327
1730000457
1729909550
1729971537
1729990659
1729972784
1729968545
1729971045
1729990452
1729971842
1730017381
1729954118
1730007956
1729914474
1729914197
1730098182
1730004171
1729909725
1729987383
1729997260
1730089445
1729934733
1730088034
1729935576
1730007684
1729972406
1729909136
1729997173
1729966181
1729992904
1729973766
1729966133
1855026820
1729969406
1729997186
1729946550
1730115750
1730007858
1729953452
1730359564
1730004631
1729993499
1730004172
1729973572
1729976232
1729914588
1730086929
1729935583
1730098914
1730095365
1730093161
1729971281
1729951364
1729971707
1729912789
1729951246
1730018015
1730077851
1730094259
1729975350
1730006029
1729934418
1729951472
1729986874
1730087056
1729911915
1730007795
1730017340
1729932131
1730017912
1729914458
1729912977
1730089111
1729970790
1729971824
1730004170
1729967368
1729974154
1729971287
1729912621
1730115798
1729990350
1729974075
1729972251
1729953613
1729912465
1729966636
1730004188
1730090314
1729909723
1729971508
1729952975
1729946218
1729951655
1729911787
1729908990
1729998303
1729972549
1729969578
1729973673
1730098857
1730040786
1729890609
1729993363
1730357549
1730005118
1729932072
1729993664
1729935065
1730009602
1729971416
1730002837
1729912538
1730077692
1730083294
1729973875
1729954343
1729971070
1729951221
1729968585
1730085477
1729972246
1730077461
1730007709
1729934253
1730040255
1729914590
1729972225
1730093692
1729967172
1729972933
1730002948
1729954374
1730024706
1729967271
1730091601
1729973289
1729997265
1730013697
1729974338
1730004062
1730092649
1730003954
1729934097
1729954399
1729976262
1730099304
1730096865
1729966220
1729966221
1729953649
1729993660
1729966287
1730019694
1730014737
1729991671
1730089676
1729973416
1729968846
1729974509
1729934403
1729966663
1729966738
1729966841
1729972424
1729972421
1729968443
1729967384
1729972268
1729972202
1729972792
1729914990
1729968283
1729914744
1729971963
1729971931
1729971905
1729968120
1730021628
1729968089
1729986974
1729971495
1730022052
1730022115
1729971360
1729912617
1729946997
1729971264
1729912395
1729971218
1729889774
1730019907
1730077898
1730077679
1730077352
1729908989
1729970691
1729998236
1730019810
1730007452
1730024330
1729909800
1729909524
1729909635
