1730032164
1730053324
1730046120
1730036190
1730029538
1730047994
1730035377
1729955813
1730049555
1729931746
1730034504
1730034169
1730052653
1729931622
1729925774
1873974066
1730043203
1729927571
1730077378
1730111971
1730048379
1729934004
1730052288
1729934132
1730047231
1730052999
1730044496
1730051080
1730048141
1730035223
1730044759
1730076472
1860080202
1729927570
1730112732
1730110810
1730076825
1729927506
1730034649
1730052518
1730357864
1730085943
1729929350
1860094562
1730046025
1730036724
1729929734
1730051897
1730043891
1860096981
1729925925
1867699768
1730032848
1730036631
1730112515
1730029740
1730038816
1730048578
1730112714
1730030704
1730045447
1730036822
1729933576
1730049136
1730030538
1729926479
1730044940
1730081065
1730032655
1730049926
1729929354
1730035263
1730119968
1730045171
1730051327
1729952801
1730044042
1730052659
1729949657
1730111045
1730086775
1730076551
1730077675
1730034495
1858415600
1730111349
1730112449
1729935144
1730031026
1730051823
1730042863
1730048563
1729926505
1730080470
1730112144
1729931537
1730050796
1730111023
1858392685
1730076547
1862248872
1730029904
1730086195
1730354227
1730081746
1730050142
1730050255
1729930425
1730052618
1730086167
1730051952
1730036792
1730044687
1730029427
1730034182
1730077190
1730038541
1729931750
1730031955
1729924081
1730046216
1730112477
1730032244
1729927499
1729934897
1729935326
1729930423
1729934141
1729929674
1730110830
1730051175
1730031882
1730360842
1858385369
1858416938
1730111041
1730034501
1730031926
1730083897
1730031788
1730032427
1729990080
1730051935
1730077225
1730076974
1729933676
1729934240
1729933831
1730050826
1729957405
1729967992
1730049940
1729990142
1729925934
1729935288
1730084946
1729926530
1730112529
1730085988
1730110528
1729929084
1730050211
1730078792
1730036499
1729933953
1730083503
1730112033
1730032859
1729934068
1730052283
1730077886
1730076738
1730076936
1730031172
1730045879
1730041153
1729953706
1730035807
1729929620
1730029441
1730029673
1729929047
1729929044
1730077888
1729928814
1730077355
1730031959
1730031982
1730032202
1729931569
1730033630
1729931714
1730034357
1730034516
1730035394
1730084854
1729951355
1730036915
1730052351
1730086540
1729933957
1729989894
1730112872
1730046525
1730045872
1730045866
1729926564
1730112678
1730112471
1730044858
1730044736
1729934940
1729934993
