1870086133
1858412633
1729956641
1730263990
1730269678
1730275336
1729966347
1730081599
1730107003
1730085533
1730111895
1729967221
1730117719
1729968094
1729958381
1730269751
1729949023
1730112092
1730273534
1730268830
1730272404
1730112094
1730264159
1730269930
1730273237
1730272941
1729949373
1730273513
1730271926
1730269366
1730273432
1730075095
1729966943
1730107259
1729966299
1729956479
1729959504
1729948841
1730268703
1729965467
1730076040
1730271253
1730112953
1730104380
1730273312
1730270389
1730112145
1730273440
1730266511
1729947781
1730269326
1730117176
1730273617
1729957796
1730265762
1730274919
1730273288
1730268455
1730271928
1730112190
1730273246
1730112420
1729968154
1730264895
1729948452
1730116872
1730085910
1729948500
1730268247
1730111078
1730268252
1730273059
1730112167
1730269714
1730269310
1730273510
1729967768
1729958608
1730075742
1730263878
1730112579
1730076278
1730271667
1730359228
1729948457
1730269716
1729968088
1729956280
1729956759
1730270061
1730273272
1730264597
1858360728
1730273382
1730268799
1730273377
1730075433
1730112299
1729948957
1730076527
1730271673
1729967587
1730275000
1730361290
1730106407
1730273232
1730272961
1730087775
1730110576
1730268338
1730264403
1730086778
1730270396
1730273458
1730111065
1730075895
1730269015
1730267468
1730273234
1730117609
1730106891
1730273413
1729967834
1730111905
1730112048
1730112086
1729948534
1730075562
1729948299
1730116689
1730265505
1729948907
1730104817
1730274778
1730116960
1730111851
1729965312
1730111852
1730075379
1730275253
1730107102
1730269373
1729966888
1730275251
1729956190
1730275256
1730119277
1730117577
1730112329
1730112076
1730273574
1730273552
1730112040
1730112030
1730273493
1730106689
1730271984
1730271745
1730271700
1730104306
1730269528
1730268581
1729948186
1730076009
1730075906
1730075201
1730074750
1730261993
1729966812
1729966291
1870079651
