1729970465
1730273761
1730277119
1729972828
1730286352
1730120828
1730355027
1730289877
1729966244
1730280093
1729971779
1730280560
1730281518
1729968697
1730107410
1730119298
1730283062
1730277145
1730270234
1729973020
1729973439
1730284022
1729976912
1729975120
1730270724
1730271420
1730275110
1730107421
1730276477
1730279840
1730284617
1729966302
1729976929
1730283585
1730281006
1729972036
1730107183
1729969887
1730279616
1729973436
1729974950
1730107547
1730270467
1729974339
1729973073
1729969585
1858407115
1730276385
1730280178
1730280264
1729972526
1729973394
1730120760
1730280514
1730277643
1729972468
1729974378
1729972416
1729972978
1729973212
1729966603
1730276285
1730276371
1730283341
1730277023
1729972860
1730107517
1730277092
1729973054
1729973303
1729969466
1729971457
1729969016
1730107520
1730282733
1730270597
1730275125
1730283154
1730276200
1730285476
1729975503
1730283312
1730276550
1730283614
1730277599
1730281527
1730282332
1730118874
1730271134
1730107222
1729969376
1729972545
1730262414
1729968985
1729969046
1729973777
1730276543
1729973492
1858411612
1730286610
1730276156
1729969054
1730277523
1730120810
1729975580
1729966635
1730120560
1729973181
1730273804
1730287658
1729966594
1730287854
1730280491
1730270321
1729972433
1730107615
1730270864
1730107176
1730107617
1730270902
1730262529
1730107641
1729974353
1729973313
1730107402
1730276729
1730120527
1730281428
1729972931
1730271271
1730276595
1730278031
1729973401
1729970943
1730120133
1730285499
1729975734
1730281620
1730275632
1730276632
1730279051
1730120946
1729969273
1730280405
1730107180
1729975007
1729970142
1730271041
1730120966
1730277824
1730270859
1730120799
1729974719
1729974134
1729973850
1729973780
1729973570
1729973501
1729973045
1729972763
1729972744
1729972439
1729971844
1729969653
1729969305
1729969000
1730107169
1730107671
1730107688
1730120580
1730288145
1730288020
1730287664
1730287598
1730287514
1730287253
1730287217
1730284048
1730283696
1730281383
1730281036
1730280508
1730280062
1730279334
1730278026
1730277155
1730276766
1730276345
1730273832
1730271537
1730271439
1730262573
1730262125
1730262116
