1736353887
1736411910
1736352550
1736397732
1736352259
1736367005
1736374408
1856085221
1736397065
1736329038
1736373792
1736394009
1736365212
1736397473
1736355668
1736411384
1736374920
1736352603
1736330305
1736394007
1736392576
1736355679
1736363624
1736373982
1736368194
1736366388
1736394420
1860607011
1736357427
1736395829
1736397880
1736366292
1736412115
1736363121
1736394507
1736351195
1736660921
1736358513
1736351564
1736326994
1736357009
1736366632
1736351185
1736375640
1736398698
1736393449
1736329881
1736360510
1736393284
1736398003
