1736261083
1736322959
1736352997
1736261917
1736259177
1736345416
1736356070
1736260056
1736204289
1736250890
1865363400
1736325733
1858576248
1867875481
1736202243
1862289244
1736204258
1736243958
1736202436
1736202664
1736358605
1736261849
1736249631
1736192246
1736346554
1736193092
1736260306
1736256671
1736193420
1736262029
1865363367
1736243842
1736346667
1736344568
1736346406
1736346736
1736249570
1736249215
1736220170
1736249622
1736221171
1736344111
1736203230
1736204515
1736322229
1736221159
1736221329
1736359181
1736345055
1736247953
1736259593
1736202381
1736252235
1736202438
1736353574
1736260443
1736260814
1736248511
1736193606
1862289223
1736252080
1736358736
1736355737
1736355161
1736203140
1736204474
1736258870
1736347804
1736204499
1736358408
1736193406
1736261339
1736192010
1736346395
1736240734
1736118027
1867875048
1736192711
1736355492
1736220799
1736258880
1736260909
1736249213
1736202701
1736250991
1736347882
1736657125
1736323004
1736347424
1736357486
1736256538
1865363540
1736657222
1736192784
1736258576
1736359087
1736324653
1736347076
1736204281
1736353278
1736249259
1736251785
1736202403
1736192514
1736355416
1736344887
1736241057
1736324567
1862288807
1736359594
1736222446
1736193548
1736359091
1736359910
1736348480
1736325661
1736248655
1736241132
1736240698
1736192313
1736242725
1736204434
1736256530
1736220883
1736258653
1736249594
1736357979
1736252074
1736260754
1736192794
1736202314
1736204698
1736240706
1736203077
1736261118
1736203184
1736355900
1736203203
1736202708
1736252045
1736204477
1736252168
1736319985
1736192786
1736348591
1736359197
1736203161
1736203139
1736326416
1736359308
1736347558
1736348016
1736259245
1736325189
1736251258
1736193573
1736193009
1736220144
1736324536
1736258152
1736347961
1736251082
1736192914
1736347910
1736258920
1736346886
1736249313
1736204137
1736194128
1736222063
1736348011
1736262059
1736251830
1736257978
1736248716
1736347971
1736252263
1736358219
1736258837
1736357924
1736259557
1736325213
1736258531
1736259549
1736261875
1736241384
1736192577
1736192841
1736258812
1736322705
1736252359
1736346596
1736323165
1736118076
1736353013
1736251500
1736354936
1736258562
1736202853
1736192436
1736258541
1736344842
1736322926
1736195263
1736346580
1736258926
1736359292
1736360014
1736193967
1736193657
1736203837
1736249214
1736347896
1736192572
1736193568
1736358969
1736249699
1736256830
1736258577
1736321039
1736352564
1736258746
1736343943
1736355195
1736193528
1736360103
1736192899
1736359176
1736258650
1736322778
1736240703
1736258695
1736260884
1736240274
1736326067
1736193520
1736204291
1736325484
1736261229
1736192456
1736249621
1736347801
1736251885
1736249592
1736192896
1736241200
1736248621
1736348860
1736192420
1736347575
1736359562
1736241038
1736345695
1736348344
1736203049
1736353562
1736251831
1736258363
1736193609
1736248341
1736249593
1736347763
1736220425
1736192560
1736321259
1736249599
1736204397
1736345104
1736261056
1736221311
1736345823
1736220169
1736358102
1736321058
1736359793
1736348463
1736322840
1736344063
1736202889
1736249626
1736260444
1736252030
1736251081
1736203045
1736325899
1736251419
1736324763
1736193544
1736240512
1736249652
1736260548
1736240565
1736347926
1736202452
1736258538
1736243688
1736220099
1736261250
1736193425
1736249457
1736358603
1736348419
1736244095
1736259902
1736326246
1736261434
1736357182
1736192537
1736249651
1736258614
1736202774
1736117998
1736249650
1736260218
1736248377
1736320056
1736192927
1736320853
1736323156
1736259414
1736251827
1736192855
1736258153
1736195257
1736259998
1736251889
1736258732
1736322440
1736323124
1736344839
1736248046
1736219905
1736320356
1736261702
1736219518
1736322055
1736258432
1736192907
1736243892
1736221370
1736322190
1736259210
1736252382
1736204740
1736261958
1736243818
1736193484
1736249680
1736248712
1867874822
1867878511
1867874741
1867874740
1867874807
1862289227
1862289226
1865363359
1862287415
1867874778
1865363364
1862287991
1867877321
1862288329
1862287929
1736251647
1736359321
1736252241
1736202332
1736248173
1736248164
1736260817
1736219281
1736204379
1736192883
1736192290
1736356135
1736346598
1736321120
1736322826
1736262028
1736251378
1736244070
1736202548
1736345170
1736260362
1736258836
1736193555
1736249600
1736203143
1736203751
1736250106
1736191903
1736203003
1736193532
1736203040
1736261155
1736203070
1736358417
1736195202
1736249601
1736259692
1736203328
1736242800
1736323116
1736258608
1736261248
1736359517
1736192281
1736242779
1736243982
1736221367
1736204165
1736248752
1736193578
1736261602
1736260784
1736250898
1736348137
1736260405
1736260409
1736251791
1736204120
1736219725
1736260307
1736193098
1736221508
1736259509
1736250830
1736251886
1736260748
1736202780
1736202680
1736241349
1736251492
1736260507
1736202541
1736222516
1736259280
1736243894
1736250107
1736359502
1736359527
1736359380
1736243205
1736358508
1736358188
1736248513
1736248518
1736348114
1736347059
1736348224
1736348294
1736248615
1736357161
1736357036
1736248869
1736325227
1736249477
1736346415
1736249648
1736324191
1736344814
1736348798
1736348837
1736321945
1736344059
1736356267
1736355860
1736355375
1736251440
1736192800
1736192842
1736192961
1736193004
1736251989
1736252202
1736252356
1736240758
1736193486
1736193522
1736193524
1736193541
1736193607
1736193937
1736194642
1736195061
1736256860
1736257319
1736219697
1736219740
1736219800
1736258397
1736258495
1736258604
1736222340
1736219967
1736260026
1736260035
1736220013
1736260334
1736202106
1736222304
1736260581
1736260612
1736260620
1736260645
1736260787
1736202525
1736202558
1736202694
1736202727
1736202733
1736202836
1736202868
1736203002
1736203102
1736261594
1736203819
1736261885
1736261886
1736204004
1736204138
1736204193
1736204249
1736204418
1736204668
1736204705
1736221957
1736352466
1736220801
1736221448
1862289229
